33,484
106,40
106,39
0,467
33,483
33,482
33,481
33,480
0,460
33,479
33,478
25,13
33,13
0,450
33,477
33,330
33,329
33,328
33,327
33,326
33,325
33,324
33,323
33,322
33,321
33,320
33,299
33,298
33,297
33,296
34,966
34,965
35,262
35,261
34,964
34,963
35,260
34,962
34,961
35,259
33,554
33,534
33,533
34,960
34,543
34,520
35,258
35,257
106,38
106,37
35,256
34,183
34,959
35,143
34,958
34,957
35,134
34,956
35,67
35,198
34,955
34,954
34,953
34,952
34,951
34,950
35,197
34,949
34,948
35,254
34,947
34,946
35,253
34,945
34,944
35,252
34,943
34,942
34,941
34,940
34,939
35,251
35,250
34,938
34,937
35,249
34,936
35,248
34,935
34,934
34,933
34,932
34,931
34,930
34,929
35,247
34,928
34,927
34,926
34,925
35,246
35,245
0,401
0,400
0,399
35,244
34,924
34,923
0,398
34,922
34,921
0,395
34,13
34,920
34,919
0,393
35,243
34,918
34,917
35,242
34,916
34,915
35,235
35,234
34,914
0,392
33,404
33,403
33,402
33,401
33,400
33,399
33,396
33,395
33,394
0,390
0,387
0,386
0,385
34,913
0,384
0,575
0,574
0,573
34,912
0,572
0,571
0,570
0,568
0,567
0,565
34,911
34,910
39,14
34,9
34,55
34,909
34,49
106,36
34,61
33,599
33,598
33,597
106,35
33,312
33,311
33,310
33,309
33,308
33,307
33,306
33,305
33,304
33,303
33,302
33,301
33,300
33,295
33,294
33,293
33,292
33,291
33,290
33,286
33,122
33,121
33,120
33,119
33,118
33,117
33,116
33,115
33,114
33,113
33,112
33,111
33,109
33,108
33,107
33,106
33,105
33,104
33,103
33,101
33,100
33,99
33,98
33,97
33,96
33,89
33,88
33,87
33,86
33,85
33,84
33,83
33,82
33,81
33,80
33,79
33,78
33,76
33,75
33,73
33,70
33,69
33,64
33,29
33,28
33,27
33,26
33,25
33,24
33,22
33,21
33,20
33,19
33,18
33,17
33,16
33,12
33,1
25,14
25,11
25,1
0,563
0,562
0,561
0,560
0,559
0,558
0,556
0,554
0,553
0,552
0,551
0,549
0,548
0,547
0,546
0,545
0,544
0,543
0,542
0,540
0,539
0,538
0,537
0,461
0,455
0,449
0,445
0,442
0,439
0,434
0,433
0,432
0,430
0,428
0,426
0,422
0,421
0,419
0,416
0,414
0,413
0,412
0,411
0,408
0,407
0,406
0,405
0,404
0,403
0,360
0,319
0,315
0,314
0,313
0,0
43,7
43,3
43,1
43,4
0,318
13,1
13,3
14,8
14,1
14,7
14,3
0,9
106,34
106,33
106,32
106,31
106,30
106,29
106,28
106,27
106,26
106,25
106,24
106,23
106,22
106,21
106,20
106,19
106,18
106,17
106,16
106,15
106,14
106,13
106,12
106,11
106,10
106,9
106,8
106,7
106,6
106,5
106,4
106,3
106,2
106,0
0,324
0,276
0,275
0,272
0,271
0,12
0,317
0,10
0,8
0,429
0,503
0,331
0,268
0,339
0,529
0,334
0,267
0,502
0,424
0,266
0,528
0,348
0,265
0,501
0,346
0,264
0,564
0,527
0,353
